18
6
3,3,3,3,3,3
0,0.1,0.35,0.65,0.9,1
0.5,0.75,1.25,1.25,0.75,0.5
18.75
0,0.8,1.7,3.2,4.5,5
0.8,0,1.1,2.5,3.8,4.5
1.7,1.1,0,1.2,2.5,3.2
3.2,2.5,1.2,0,1.1,1.7
4.5,3.8,2.5,1.1,0,0.8
5,4.5,3.2,1.7,0.8,0
